============================================================
  Generated by:           Genus(TM) Synthesis Solution 17.21-s010_1
  Generated on:           Jul 23 2022  05:46:24 pm
  Module:                 sgd_v3
  Technology library:     tsmc18 1.0
  Operating conditions:   fast (balanced_tree)
  Wireload mode:          enclosed
  Area mode:              timing library
============================================================

                         Leakage    Dynamic      Total
     Instance     Cells Power(nW)  Power(nW)   Power(nW)
----------------------------------------------------------
sgd_v3            16067 11368.137 7997126.425 8008494.562
  genblk1[1].mul    558   602.628  273743.139  274345.767
    g27               3     1.378     286.270     287.648
    w209              3     1.378     800.767     802.146
    w223              3     1.378     313.717     315.095
    w30               3     0.879     912.995     913.875
    w45               3     0.879     918.787     919.666
    w60               3     0.879     920.445     921.324
    w75               3     0.879     921.057     921.937
    w90               3     0.879     920.445     921.324
    w105              3     0.879     919.835     920.715
    w120              3     0.879     919.193     920.072
    w135              3     0.879     918.584     919.463
    w150              3     0.879     914.848     915.727
    w165              3     0.879    1080.201    1081.080
    g12               1     0.439     521.272     521.711
    w15               1     0.367     508.592     508.959
  genblk1[2].mul    558   602.628  273743.139  274345.767
    g27               3     1.378     286.270     287.648
    w209              3     1.378     800.767     802.146
    w223              3     1.378     313.717     315.095
    w30               3     0.879     912.995     913.875
    w45               3     0.879     918.787     919.666
    w60               3     0.879     920.445     921.324
    w75               3     0.879     921.057     921.937
    w90               3     0.879     920.445     921.324
    w105              3     0.879     919.835     920.715
    w120              3     0.879     919.193     920.072
    w135              3     0.879     918.584     919.463
    w150              3     0.879     914.848     915.727
    w165              3     0.879    1080.201    1081.080
    g12               1     0.439     521.272     521.711
    w15               1     0.367     508.592     508.959
  genblk1[3].mul    558   602.628  273743.139  274345.767
    g27               3     1.378     286.270     287.648
    w209              3     1.378     800.767     802.146
    w223              3     1.378     313.717     315.095
    w30               3     0.879     912.995     913.875
    w45               3     0.879     918.787     919.666
    w60               3     0.879     920.445     921.324
    w75               3     0.879     921.057     921.937
    w90               3     0.879     920.445     921.324
    w105              3     0.879     919.835     920.715
    w120              3     0.879     919.193     920.072
    w135              3     0.879     918.584     919.463
    w150              3     0.879     914.848     915.727
    w165              3     0.879    1080.201    1081.080
    g12               1     0.439     521.272     521.711
    w15               1     0.367     508.592     508.959
  genblk1[4].mul    558   602.628  273743.139  274345.767
    g27               3     1.378     286.270     287.648
    w209              3     1.378     800.767     802.146
    w223              3     1.378     313.717     315.095
    w30               3     0.879     912.995     913.875
    w45               3     0.879     918.787     919.666
    w60               3     0.879     920.445     921.324
    w75               3     0.879     921.057     921.937
    w90               3     0.879     920.445     921.324
    w105              3     0.879     919.835     920.715
    w120              3     0.879     919.193     920.072
    w135              3     0.879     918.584     919.463
    w150              3     0.879     914.848     915.727
    w165              3     0.879    1080.201    1081.080
    g12               1     0.439     521.272     521.711
    w15               1     0.367     508.592     508.959
  genblk1[5].mul    558   602.628  273743.139  274345.767
    g27               3     1.378     286.270     287.648
    w209              3     1.378     800.767     802.146
    w223              3     1.378     313.717     315.095
    w30               3     0.879     912.995     913.875
    w45               3     0.879     918.787     919.666
    w60               3     0.879     920.445     921.324
    w75               3     0.879     921.057     921.937
    w90               3     0.879     920.445     921.324
    w105              3     0.879     919.835     920.715
    w120              3     0.879     919.193     920.072
    w135              3     0.879     918.584     919.463
    w150              3     0.879     914.848     915.727
    w165              3     0.879    1080.201    1081.080
    g12               1     0.439     521.272     521.711
    w15               1     0.367     508.592     508.959
  genblk1[6].mul    558   602.628  273743.139  274345.767
    g27               3     1.378     286.270     287.648
    w209              3     1.378     800.767     802.146
    w223              3     1.378     313.717     315.095
    w30               3     0.879     912.995     913.875
    w45               3     0.879     918.787     919.666
    w60               3     0.879     920.445     921.324
    w75               3     0.879     921.057     921.937
    w90               3     0.879     920.445     921.324
    w105              3     0.879     919.835     920.715
    w120              3     0.879     919.193     920.072
    w135              3     0.879     918.584     919.463
    w150              3     0.879     914.848     915.727
    w165              3     0.879    1080.201    1081.080
    g12               1     0.439     521.272     521.711
    w15               1     0.367     508.592     508.959
  genblk1[7].mul    558   602.628  273743.139  274345.767
    g27               3     1.378     286.270     287.648
    w209              3     1.378     800.767     802.146
    w223              3     1.378     313.717     315.095
    w30               3     0.879     912.995     913.875
    w45               3     0.879     918.787     919.666
    w60               3     0.879     920.445     921.324
    w75               3     0.879     921.057     921.937
    w90               3     0.879     920.445     921.324
    w105              3     0.879     919.835     920.715
    w120              3     0.879     919.193     920.072
    w135              3     0.879     918.584     919.463
    w150              3     0.879     914.848     915.727
    w165              3     0.879    1080.201    1081.080
    g12               1     0.439     521.272     521.711
    w15               1     0.367     508.592     508.959
  genblk1[8].mul    558   602.628  273743.139  274345.767
    g27               3     1.378     286.270     287.648
    w209              3     1.378     800.767     802.146
    w223              3     1.378     313.717     315.095
    w30               3     0.879     912.995     913.875
    w45               3     0.879     918.787     919.666
    w60               3     0.879     920.445     921.324
    w75               3     0.879     921.057     921.937
    w90               3     0.879     920.445     921.324
    w105              3     0.879     919.835     920.715
    w120              3     0.879     919.193     920.072
    w135              3     0.879     918.584     919.463
    w150              3     0.879     914.848     915.727
    w165              3     0.879    1080.201    1081.080
    g12               1     0.439     521.272     521.711
    w15               1     0.367     508.592     508.959
  genblk1[9].mul    558   602.628  273743.139  274345.767
    g27               3     1.378     286.270     287.648
    w209              3     1.378     800.767     802.146
    w223              3     1.378     313.717     315.095
    w30               3     0.879     912.995     913.875
    w45               3     0.879     918.787     919.666
    w60               3     0.879     920.445     921.324
    w75               3     0.879     921.057     921.937
    w90               3     0.879     920.445     921.324
    w105              3     0.879     919.835     920.715
    w120              3     0.879     919.193     920.072
    w135              3     0.879     918.584     919.463
    w150              3     0.879     914.848     915.727
    w165              3     0.879    1080.201    1081.080
    g12               1     0.439     521.272     521.711
    w15               1     0.367     508.592     508.959
  genblk1[10].mul   558   602.628  273743.139  274345.767
    g27               3     1.378     286.270     287.648
    w209              3     1.378     800.767     802.146
    w223              3     1.378     313.717     315.095
    w30               3     0.879     912.995     913.875
    w45               3     0.879     918.787     919.666
    w60               3     0.879     920.445     921.324
    w75               3     0.879     921.057     921.937
    w90               3     0.879     920.445     921.324
    w105              3     0.879     919.835     920.715
    w120              3     0.879     919.193     920.072
    w135              3     0.879     918.584     919.463
    w150              3     0.879     914.848     915.727
    w165              3     0.879    1080.201    1081.080
    g12               1     0.439     521.272     521.711
    w15               1     0.367     508.592     508.959
  genblk1[11].mul   558   602.628  273743.139  274345.767
    g27               3     1.378     286.270     287.648
    w209              3     1.378     800.767     802.146
    w223              3     1.378     313.717     315.095
    w30               3     0.879     912.995     913.875
    w45               3     0.879     918.787     919.666
    w60               3     0.879     920.445     921.324
    w75               3     0.879     921.057     921.937
    w90               3     0.879     920.445     921.324
    w105              3     0.879     919.835     920.715
    w120              3     0.879     919.193     920.072
    w135              3     0.879     918.584     919.463
    w150              3     0.879     914.848     915.727
    w165              3     0.879    1080.201    1081.080
    g12               1     0.439     521.272     521.711
    w15               1     0.367     508.592     508.959
  genblk1[12].mul   558   602.628  273743.139  274345.767
    g27               3     1.378     286.270     287.648
    w209              3     1.378     800.767     802.146
    w223              3     1.378     313.717     315.095
    w30               3     0.879     912.995     913.875
    w45               3     0.879     918.787     919.666
    w60               3     0.879     920.445     921.324
    w75               3     0.879     921.057     921.937
    w90               3     0.879     920.445     921.324
    w105              3     0.879     919.835     920.715
    w120              3     0.879     919.193     920.072
    w135              3     0.879     918.584     919.463
    w150              3     0.879     914.848     915.727
    w165              3     0.879    1080.201    1081.080
    g12               1     0.439     521.272     521.711
    w15               1     0.367     508.592     508.959
  genblk1[13].mul   558   602.628  273743.139  274345.767
    g27               3     1.378     286.270     287.648
    w209              3     1.378     800.767     802.146
    w223              3     1.378     313.717     315.095
    w30               3     0.879     912.995     913.875
    w45               3     0.879     918.787     919.666
    w60               3     0.879     920.445     921.324
    w75               3     0.879     921.057     921.937
    w90               3     0.879     920.445     921.324
    w105              3     0.879     919.835     920.715
    w120              3     0.879     919.193     920.072
    w135              3     0.879     918.584     919.463
    w150              3     0.879     914.848     915.727
    w165              3     0.879    1080.201    1081.080
    g12               1     0.439     521.272     521.711
    w15               1     0.367     508.592     508.959
  genblk1[14].mul   558   602.628  273743.139  274345.767
    g27               3     1.378     286.270     287.648
    w209              3     1.378     800.767     802.146
    w223              3     1.378     313.717     315.095
    w30               3     0.879     912.995     913.875
    w45               3     0.879     918.787     919.666
    w60               3     0.879     920.445     921.324
    w75               3     0.879     921.057     921.937
    w90               3     0.879     920.445     921.324
    w105              3     0.879     919.835     920.715
    w120              3     0.879     919.193     920.072
    w135              3     0.879     918.584     919.463
    w150              3     0.879     914.848     915.727
    w165              3     0.879    1080.201    1081.080
    g12               1     0.439     521.272     521.711
    w15               1     0.367     508.592     508.959
  genblk1[15].mul   558   602.628  273743.139  274345.767
    g27               3     1.378     286.270     287.648
    w209              3     1.378     800.767     802.146
    w223              3     1.378     313.717     315.095
    w30               3     0.879     912.995     913.875
    w45               3     0.879     918.787     919.666
    w60               3     0.879     920.445     921.324
    w75               3     0.879     921.057     921.937
    w90               3     0.879     920.445     921.324
    w105              3     0.879     919.835     920.715
    w120              3     0.879     919.193     920.072
    w135              3     0.879     918.584     919.463
    w150              3     0.879     914.848     915.727
    w165              3     0.879    1080.201    1081.080
    g12               1     0.439     521.272     521.711
    w15               1     0.367     508.592     508.959
  add_161_42         23    12.899    4683.040    4695.939
